38 1 1 1 1007 22 6 0 079 52.0 83.5 10.9 176
38 1 2 1 786 32 8 0 078 20.0 77.0 11.0 200
38 1 3 1 778 36 7 0 078 28.0 86.5 13.2 171
38 1 4 1 1306 22 11 0 079 30.0 104.0 22.6 230
38 1 5 1 895 23 1 0 078 40.0 83.0 15.2 205
38 1 6 1 987 30 5 0 079 24.0 78.8 9.6 151
38 1 7 1 789 27 8 0 078 15.0 87.0 13.5 232
38 1 8 1 825 30 11 0 078 22.0 91.0 17.5 198
38 1 9 1 1296 25 10 0 079 42.0 65.5 13.3 216
38 1 10 1 906 26 2 0 079 130.0 80.3 17.1 211
38 1 11 2 933 26 3 0 079 48.0 85.2 22.7 160
38 1 12 3 1246 27 7 0 079 31.0 86.5 6.9 162
38 1 13 4 671 25 10 0 077 41.0 87.3 15.0 -9999
38 1 14 1 818 26 10 0 078 47.0 53.0 14.6 131
38 1 15 2 921 27 3 0 079 36.0 56.0 18.2 105
38 1 16 3 1253 27 7 0 079 24.0 57.5 5.6 130
38 1 17 1 941 31 4 0 079 34.0 92.7 7.9 140
38 1 18 2 1287 31 9 0 079 38.0 96.0 12.6 158
38 1 19 1 1301 35 10 0 079 40.0 104.6 16.1 209
38 1 20 1 948 28 4 0 079 59.0 88.0 9.9 128
38 1 21 2 1259 28 8 0 079 75.0 81.0 10.1 177
38 1 22 3 1289 28 9 0 079 72.0 66.3 16.4 156
38 1 23 1 773 27 7 0 078 42.0 77.0 15.3 163
38 1 24 2 934 27 3 0 079 30.0 80.2 8.1 100
38 1 25 3 1022 28 6 0 079 24.0 87.0 3.5 132
38 1 26 1 667 31 11 0 077 29.0 94.0 11.8 -9999
38 1 27 1 801 24 9 0 078 26.0 84.5 20.7 145
38 1 28 1 1262 23 8 0 079 65.0 75.0 19.9 187
38 1 29 1 938 27 3 0 079 34.0 86.3 11.8 120
38 1 30 1 903 25 2 0 079 37.0 73.3 13.0 254
38 1 31 1 916 34 3 0 079 73.0 57.4 7.4 107
38 1 32 2 1249 34 7 0 079 87.0 76.3 6.0 87
38 1 33 1 1218 25 7 0 079 35.0 71.0 8.8 186
38 1 34 1 779 20 7 0 078 31.0 61.5 9.9 172
38 1 35 1 990 20 5 0 079 62.0 81.0 10.2 181
38 1 36 1 1001 31 6 0 079 48.0 79.0 16.8 182
38 1 37 1 1250 31 7 0 079 40.0 82.5 6.4 151
38 1 38 1 1219 26 7 0 079 55.0 85.5 10.9 216
38 1 39 1 1248 26 7 0 079 32.0 73.8 8.6 147 
38 1 40 1 1307 21 11 0 079 26.0 79.3 16.4 123
38 1 41 1 769 27 6 0 078 25.0 91.0 10.3 135
38 1 42 2 1016 27 6 0 079 22.0 84.0 2.8 145
38 1 43 1 774 26 7 0 078 30.0 76.0 17.1 145
38 1 44 2 917 26 3 0 079 35.0 76.7 10.9 105
38 1 45 3 1255 26 7 0 079 34.0 78.0 8.0 140
38 1 46 1 813 31 10 0 078 27.0 90.0 15.6 167
38 1 47 2 920 31 3 0 079 22.0 71.5 11.8 98
38 1 48 3 1012 31 6 0 079 22.0 73.5 5.1 184
38 1 49 1 1285 25 9 0 079 72.0 80.5 12.0 225
38 1 50 1 669 22 12 0 077 22.0 85.5 15.0 -9999
38 1 51 1 782 35 7 0 078 51.0 70.0 16.6 146
38 1 52 2 909 36 2 0 079 30.0 66.7 15.3 124
38 1 53 3 1247 36 7 0 079 23.0 66.3 4.4 142
38 1 54 1 943 33 4 0 079 67.0 98.0 9.3 225
38 1 55 1 804 27 9 0 078 50.0 69.0 15.1 160
38 1 56 2 924 27 3 0 079 92.0 68.0 16.5 115
38 1 57 1 1305 36 10 0 079 55.0 78.2 21.8 188
38 1 58 1 765 25 6 0 078 38.0 82.0 15.8 161
38 1 59 1 657 27 10 0 077 22.0 99.0 10.8 -9999
38 1 60 1 918 33 3 0 079 27.0 100.0 10.3 169
38 1 61 1 673 26 12 0 077 28.0 93.5 7.0 -9999
38 1 62 1 790 22 8 0 078 34.0 84.0 12.0 175
38 1 63 2 908 23 2 0 079 44.0 81.3 10.5 159
38 1 64 3 1244 25 7 0 079 32.0 86.5 6.7 149
38 1 65 1 1298 22 10 0 079 35.0 59.4 11.3 130
38 1 66 1 949 31 5 0 079 35.0 90.3 15.3 124
38 1 67 1 791 33 8 0 078 31.0 75.5 13.7 160
38 1 68 2 824 33 11 0 078 25.0 78.9 12.2 127
38 1 69 1 1003 27 6 0 079 52.0 77.0 17.9 198
38 1 70 1 819 30 10 0 078 34.0 75.0 15.4 171
38 1 71 1 1292 20 10 0 079 53.0 93.2 22.3 349
38 1 72 1 914 30 2 0 079 69.0 66.7 8.7 119
38 1 73 2 1220 30 7 0 079 25.0 70.5 5.3 123
38 1 74 1 989 27 5 0 079 24.0 89.5 16.1 176
38 1 75 1 1281 35 8 0 079 21.0 108.5 9.8 148
38 1 76 1 768 26 6 0 078 51.0 82.0 12.9 149
38 1 77 2 1011 27 6 0 079 37.0 77.3 3.9 141
38 1 78 1 771 24 7 0 078 24.0 82.0 14.2 123
38 1 79 2 910 25 2 0 079 30.0 77.0 16.2 124
38 1 80 3 1245 26 7 0 079 34.0 81.3 9.7 158
38 1 81 1 802 20 9 0 078 22.0 102.0 10.3 177
38 1 82 1 1295 22 10 0 079 32.0 79.2 5.8 190
38 1 83 1 675 38 12 0 077 45.0 108.0 13.7 -9999
38 1 84 1 1294 34 10 0 079 24.0 70.4 10.6 181
38 1 85 1 781 22 7 0 078 20.0 72.0 11.9 110
38 1 86 1 762 22 6 0 078 34.0 91.0 14.5 144
38 1 87 1 1290 24 9 0 079 25.0 92.0 14.0 166
38 1 88 1 831 38 12 0 078 26.0 109.0 8.9 163
38 1 89 2 896 39 1 0 079 28.0 102.3 17.1 146
38 1 90 3 919 39 3 0 079 21.0 92.4 10.3 197
38 1 91 4 927 39 3 0 079 23.0 111.5 10.0 133
38 1 92 5 940 39 4 0 079 26.0 92.6 12.3 196
38 1 93 6 947 39 4 0 079 25.0 98.7 10.0 174
38 1 94 7 1010 39 6 0 079 21.0 93.2 5.9 181
38 1 95 1 899 32 2 0 079 56.0 72.0 9.9 227
38 1 96 2 1303 34 10 0 079 48.0 83.0 13.7 228
38 1 97 1 763 22 6 0 078 51.0 91.0 12.7 149
38 1 98 1 926 39 3 0 079 18.0 95.0 11.3 66
38 1 99 1 1252 33 7 0 079 28.0 104.0 6.9 169
38 1 100 1 1310 33 11 0 079 41.0 105.5 15.1 252
38 1 101 1 1017 20 6 0 079 40.0 81.0 6.1 167
38 1 102 1 776 22 7 0 078 21.0 74.5 12.2 163
38 1 103 1 901 25 2 0 078 95.0 69.8 7.3 169
38 1 104 2 1009 25 6 0 079 59.0 72.5 10.7 314
38 1 105 1 913 36 2 0 079 40.0 72.7 7.0 131 
38 1 106 2 1260 36 8 0 079 30.0 79.5 11.9 130 
38 1 107 1 767 22 6 0 078 48.0 76.0 16.6 133
38 1 108 1 1019 39 6 0 079 39.0 88.5 7.6 168
38 1 109 1 936 30 3 0 079 30.0 82.7 18.1 124
38 1 110 1 1261 37 7 0 079 38.0 85.0 21.6 198
38 1 111 1 929 27 3 0 079 27.0 87.2 12.5 99
38 1 112 2 1254 28 7 0 079 32.0 76.3 5.6 159
38 1 113 1 911 29 2 0 079 74.0 80.4 8.9 207
38 1 114 2 1015 30 6 0 079 33.0 86.0 3.8 149
38 1 115 1 777 31 7 0 078 34.0 80.5 11.1 149
38 1 116 2 904 31 2 0 079 45.0 86.5 10.8 169
38 1 117 3 1021 32 6 0 079 52.0 79.0 10.7 187
38 1 118 1 789 32 7 0 078 28.0 82.5 17.4 144
38 1 119 2 829 32 12 0 078 35.0 97.0 14.5 137
38 1 120 1 764 25 6 0 078 37.0 93.0 15.3 167
38 1 121 2 907 26 2 0 079 44.0 81.3 15.3 166
38 1 122 3 1014 26 6 0 079 68.0 82.8 11.9 177
38 1 123 1 811 37 10 0 078 97.5 34.0 12.0 203 
38 1 124 1 785 25 7 0 078 37.0 98.0 16.4 198
38 1 125 2 1217 25 7 0 079 34.0 92.0 12.1 217
38 1 126 1 766 20 6 0 078 30.0 80.0 12.9 129
38 1 127 1 770 25 6 0 078 37.0 98.0 11.7 177
38 1 128 2 682 24 10 0 077 26.0 94.2 11.7 -9999
38 1 129 1 798 34 9 0 078 24.0 100.5 14.0 231
38 1 130 1 942 32 4 0 079 41.0 78.5 10.9 191
38 1 131 2 1024 32 6 0 079 43.0 87.5 6.0 136
38 1 132 1 810 32 10 0 078 30.0 90.5 15.3 136
38 1 133 2 1258 33 7 0 079 30.0 85.0 11.4 176
38 1 134 3 1300 33 10 0 079 43.0 88.5 20.3 175