38 1 135 1 1027 30 10 0 078 167.0 89.0 25.6 364
38 1 136 1 1013 41 10 0 078 104.0 81.0 26.8 245
38 1 137 1 1324 22 8 0 079 30.0 108.0 8.8 284
38 1 138 2 1332 22 8 0 079 44.0 104.0 17.4 172
38 1 139 1 966 20 10 0 078 65.0 87.0 23.8 198
38 1 140 1 979 42 9 0 078 440.0 107.0 20.2 239
38 1 141 1 1327 59 8 0 079 58.0 88.2 11.0 259
38 1 142 1 978 35 9 0 078 129.0 93.1 18.3 188
38 1 143 2 1290 36 6 0 079 104.0 87.5 16.7 256
38 1 144 3 1139 35 2 0 079 122.0 88.5 21.6 263
38 1 145 4 1487 36 11 0 079 144.0 24.4 -9999 329
38 1 146 1 1193 29 4 0 079 265.0 83.5 16.1 136
38 1 147 2 1513 30 12 0 079 510.0 60.2 -9999 272
38 1 148 1 1208 27 4 0 079 285.0 79.5 36.4 245
38 1 149 2 1395 27 9 0 079 25.0 91.0 49.1 209
38 1 150 1 1209 28 4 0 079 124.0 92.0 32.2 298
38 1 151 1 947 29 8 0 078 53.0 76.0 14.0 174
38 1 152 2 1153 30 2 0 079 46.0 71.0 16.9 197
38 1 153 3 1311 30 7 0 079 40.0 85.5 12.7 201
38 1 154 4 1325 30 8 0 079 41.0 90.0 9.7 342
38 1 155 5 1536 31 1 0 080 45.0 13.8 -9999 217
38 1 156 1 923 31 6 0 078 657.0 104.0 110.0 358
38 1 157 2 1156 32 2 0 079 465.0 86.5 63.7 412
38 1 158 3 1266 32 5 0 079 485.0 83.5 73.0 382
38 1 159 4 1496 32 12 0 079 610.0 111.7 -9999 593
38 1 160 1 1135 37 2 0 079 168.0 82.5 23.3 261
38 1 161 1 914 38 6 0 078 286.0 109.5 31.9 260
38 1 162 2 1124 39 1 0 079 388.0 91.0 41.6 204
38 1 163 3 1398 39 9 0 079 148.0 105.2 18.8 221
38 1 164 1 913 34 6 0 078 73.0 105.5 17.0 285
38 1 165 2 1223 35 4 0 079 36.0 92.8 22.0 308
38 1 166 3 1531 36 1 0 080 55.0 20.7 -9999 262
38 1 167 1 970 58 8 0 078 19.0 100.5 10.9 196
38 1 168 2 1155 58 2 0 079 34.0 98.5 19.9 299
38 1 169 3 1538 59 1 0 080 25.0 9.2 -9999 316
38 1 170 1 1109 38 1 0 079 113.0 97.0 18.8 216
38 1 171 1 1354 30 8 0 079 57.0 105.0 12.9 155
38 1 172 1 949 42 8 0 078 78.0 118.0 15.5 212
38 1 173 2 1066 43 11 0 078 73.0 104.0 20.6 201
38 1 174 1 1168 29 3 0 079 69.0 111.0 16.0 175
38 1 175 2 1447 30 10 0 079 177.0 103.5 19.8 241
38 1 176 1 911 35 6 0 078 48.0 98.0 16.4 233
38 1 177 2 951 35 7 0 078 34.0 96.5 10.4 122
38 1 178 3 1009 35 9 0 078 42.0 100.1 17.1 184
38 1 179 1 1358 44 9 0 079 109.0 81.0 25.3 227
38 1 180 1 1115 35 9 0 079 925.0 81.0 62.9 279
38 1 181 2 1203 35 4 0 079 1288. 82.0 51.6 368
38 1 182 3 1381 36 9 0 079 325.0 76.3 33.9 413
38 1 183 1 929 53 6 0 078 59.0 93.0 22.2 240
38 1 184 2 1236 54 4 0 079 69.0 92.6 20.9 243
38 1 185 1 1202 30 4 0 079 363.0 91.3 36.0 325
38 1 186 1 1050 35 11 0 078 37.0 84.0 12.8 156
38 1 187 1 1289 53 6 0 079 101.0 77.5 11.7 280
38 1 188 1 1173 41 3 0 079 99.0 93.2 18.6 156
38 1 189 2 1008 40 9 0 078 125.0 90.5 19.4 438
38 1 190 3 1328 42 8 0 079 52.0 93.3 11.2 272
38 1 191 1 1303 59 6 0 079 560.0 106.0 21.0 345
38 1 192 1 956 31 8 0 078 85.0 94.0 20.1 198
38 1 193 2 1253 32 5 0 079 79.0 9.0 -9999 137
38 1 194 3 1302 32 6 0 079 72.0 88.0 8.3 166
38 1 195 1 953 52 6 0 078 197.0 91.5 25.2 236
38 1 196 2 1163 52 3 0 078 242.0 85.5 16.6 168
38 1 197 3 1334 53 8 0 079 245.0 89.5 22.7 269
38 1 198 1 1030 39 10 0 078 154.0 103.5 21.3 296
38 1 199 2 1306 39 6 0 079 228.0 104.0 10.2 236
38 1 200 3 1493 40 12 0 079 123.0 25.4 -9999 275
38 1 201 1 1323 43 8 0 079 80.0 90.5 12.1 269
38 1 202 1 902 44 6 0 078 28.0 104.0 22.0 142
38 1 203 2 1296 45 6 0 079 35.0 86.3 14.4 184
38 1 204 1 1249 33 5 0 079 57.0 88.0 8.9 190
38 1 205 1 955 26 11 0 078 326.0 98.0 27.1 358
38 1 206 2 1307 26 6 0 079 700.0 90.0 49.1 343
38 1 207 1 984 61 9 0 078 100.0 101.0 11.8 301
38 1 208 2 1141 61 2 0 079 80.0 97.5 15.1 262
38 1 209 1 1305 48 6 0 079 115.0 79.0 14.2 258