nabo col remolacha esparrago zanahoria espinacas arevejas porotos maiz
nabo       0.000      0.318      0.270      0.311      0.378      0.392      0.399      0.392      0.426     
col        0.318      0.000      0.101      0.223      0.243      0.236      0.311      0.345      0.358     
remolacha  0.270      0.101      0.000      0.061      0.236      0.176      0.345      0.297      0.318     
esparrago 0.311      0.223      0.061      0.000      0.061      0.088      0.176      0.101      0.230     
zanahoria  0.378      0.243      0.236      0.061      0.000      0.007      0.074      0.209      0.264     
espinacas  0.392      0.236      0.176      0.088      0.007      0.000      0.128      0.182      0.128     
arevejas   0.399      0.311      0.345      0.176      0.074      0.128      0.000      0.027      0.142     
porotos    0.392      0.345      0.297      0.101      0.209      0.182      0.027      0.000      0.128     
maiz      0.426      0.358      0.318      0.230      0.264      0.128      0.142      0.128      0.000     
